input.txt:
2022-12-11T09:59:24.977355 10: 63, 123, 127, 84, 117, 132, 28, 32
2022-12-11T09:59:24.979476 20: 136, 246, 253, 147, 242, 264, 48, 64
2022-12-11T09:59:24.980172 30: 209, 376, 391, 224, 365, 403, 75, 81
2022-12-11T09:59:24.980793 40: 278, 503, 522, 303, 486, 539, 90, 112
2022-12-11T09:59:24.981591 50: 345, 626, 643, 387, 605, 669, 120, 145
2022-12-11T09:59:24.982221 60: 418, 749, 776, 465, 724, 801, 132, 187
2022-12-11T09:59:24.982886 70: 488, 877, 906, 529, 856, 938, 150, 209
2022-12-11T09:59:24.983692 80: 556, 1003, 1040, 615, 981, 1075, 174, 233
2022-12-11T09:59:24.985053 90: 627, 1125, 1167, 688, 1105, 1209, 194, 266
2022-12-11T09:59:24.986813 100: 696, 1252, 1296, 768, 1224, 1341, 214, 299
2022-12-11T09:59:24.994698 110: 769, 1374, 1419, 849, 1342, 1473, 236, 333
2022-12-11T09:59:24.999273 120: 838, 1499, 1545, 933, 1462, 1606, 264, 368
2022-12-11T09:59:25.004426 130: 909, 1627, 1675, 1014, 1585, 1740, 285, 393
2022-12-11T09:59:25.014045 140: 981, 1758, 1808, 1087, 1715, 1871, 302, 420
2022-12-11T09:59:25.025120 150: 1054, 1879, 1940, 1167, 1830, 2005, 326, 454
2022-12-11T09:59:25.039104 160: 1125, 2007, 2063, 1248, 1952, 2137, 341, 484
2022-12-11T09:59:25.060840 170: 1197, 2137, 2201, 1325, 2074, 2272, 365, 511
2022-12-11T09:59:25.103623 180: 1267, 2259, 2321, 1409, 2194, 2402, 387, 545
2022-12-11T09:59:25.191641 190: 1336, 2386, 2455, 1484, 2318, 2541, 407, 573
2022-12-11T09:59:25.410604 200: 1404, 2509, 2582, 1566, 2439, 2673, 426, 610
2022-12-11T09:59:26.255395 210: 1475, 2629, 2703, 1647, 2559, 2802, 449, 646
2022-12-11T09:59:26.507672 220: 1542, 2761, 2837, 1725, 2685, 2940, 471, 667
2022-12-11T09:59:26.842301 230: 1613, 2889, 2963, 1807, 2807, 3075, 489, 693
2022-12-11T09:59:28.798093 240: 1683, 3013, 3090, 1892, 2925, 3207, 511, 728
2022-12-11T09:59:31.364404 250: 1754, 3133, 3213, 1970, 3043, 3339, 530, 763
2022-12-11T09:59:36.571642 260: 1824, 3261, 3338, 2054, 3162, 3473, 548, 794
2022-12-11T09:59:38.640759 270: 1897, 3385, 3468, 2135, 3285, 3602, 564, 830
2022-12-11T09:59:48.085276 280: 1964, 3513, 3595, 2209, 3409, 3737, 586, 859
2022-12-11T10:00:04.629958 290: 2034, 3641, 3726, 2290, 3529, 3870, 605, 889
2022-12-11T10:01:00.513838 300: 2103, 3765, 3851, 2373, 3651, 4004, 624, 919
2022-12-11T10:01:22.387093 310: 2174, 3891, 3985, 2459, 3771, 4141, 647, 945
2022-12-11T10:02:16.883930 320: 2244, 4014, 4105, 2541, 3890, 4271, 665, 979
2022-12-11T10:04:13.548908 330: 2312, 4143, 4235, 2626, 4010, 4404, 683, 1010
2022-12-11T10:09:35.174961 340: 2381, 4269, 4363, 2702, 4130, 4536, 707, 1042
2022-12-11T10:14:24.855049 350: 2451, 4397, 4490, 2783, 4255, 4671, 725, 1069
2022-12-11T10:18:42.101884 360: 2521, 4523, 4621, 2864, 4376, 4807, 745, 1099
